6 1 9 _
5 1 1 _
6 2 0 _
6 3 1 _
> 2 2 3
6 3 1 _
= 2 2 3
5 0 2 _
5 2 0 _
5 3 1 _
_ 2 3 2
6 3 4 _
9 2 2 3
8 2 14 _
< 0 _ _
6 3 1 _
5 3 3 _
6 5 0 _
5 6 3 _
9 5 5 6
6 6 1 _
_ 5 6 5
8 5 38 _
5 6 3 _
6 7 3 _
_ 6 7 6
8 6 31 _
6 8 1 _
3 8 0 8
5 3 8 _
6 8 5 _
5 8 8 _
< 3 _ _
5 7 3 _
6 8 1 _
1 7 7 8
5 3 7 _
7 17 _ _
< 3 _ _
6 4 20 _
@ 4 _ _
6 4 5 _
3 4 0 4
5 4 4 _
6 5 5 _
5 6 4 _
4 5 5 6
5 5 5 _
5 6 4 _
6 7 5 _
2 6 6 7
6 7 2 _
2 6 6 7
5 6 6 _
5 7 4 _
5 8 6 _
5 8 8 _
5 9 6 _
6 10 25 _
B 9 9 10
8 9 61 _
< 6 _ _
? 9 9 _
8 9 64 _
< 4 _ _
